25
38
60 60

27 28 1141
10 37 435
21 26 990
5 27 1332
39 30 1359
24 22 1244
11 31 962
33 7 1490
29 36 1055
29 36 1054
34 23 790
36 24 1062
27 34 1371
28 34 1046
27 38 1282
39 26 1079
38 4 896
28 22 934
37 36 1389
33 20 761
26 26 855
20 29 1365
28 35 1090
21 35 1003
27 32 1408

4 1
7 1
8 1
8 3
8 4
9 7
10 1
11 4
14 6
14 7
14 10
15 4
16 3
16 8
18 1
18 5
18 14
19 1
19 5
19 17
19 18
20 3
20 9
20 14
20 18
21 4
22 1
22 15
22 19
23 18
23 19
24 3
24 7
24 16
24 17
25 4
25 7
25 23

2kdc27
type: III
density: 0.130
