25
47
60 60

10 11 855
11 1 383
11 9 365
25 5 623
15 24 836
8 23 669
26 13 452
29 4 578
14 4 148
5 1 312
25 1 703
3 3 290
26 11 354
10 1 257
13 9 617
12 14 478
17 27 665
13 5 252
3 13 548
1 3 495
11 26 481
11 1 718
9 10 868
26 3 123
15 26 658

4 3
5 2
8 2
8 6
9 4
9 5
11 4
12 3
12 6
13 1
13 5
14 10
14 11
14 13
15 4
15 9
15 12
16 5
16 10
17 7
18 5
18 7
18 9
18 11
18 15
18 16
18 17
19 9
19 14
20 13
20 19
21 1
21 2
21 8
22 10
22 18
23 6
23 9
23 10
23 14
23 16
23 17
24 9
24 16
24 21
25 10
25 17

2kdc16
type: IV
density: 0.160
