25
47
50 50

46 26 1578
33 39 2493
43 6 2345
36 19 1781
6 1 2103
36 11 2081
38 13 2395
21 16 1609
48 20 1970
1 17 1789
35 24 1131
48 41 2317
46 19 2071
37 15 576
37 16 2290
40 8 525
44 48 2308
45 7 601
33 39 1652
41 21 1600
40 16 1028
7 36 1669
5 42 1621
36 22 2148
36 2 191

6 5
7 6
8 1
8 7
10 1
11 10
12 11
13 8
13 12
14 12
15 1
15 3
15 6
16 5
16 6
16 13
16 15
17 13
18 3
18 9
19 5
19 8
19 10
19 16
19 17
20 1
20 13
20 18
20 19
21 12
21 15
21 19
22 2
22 4
22 5
22 19
23 4
23 5
23 6
24 3
24 7
24 16
24 21
24 22
25 5
25 16
25 19

2kdc45
type: I
density: 0.160