25
47
30 30

28 12 554
17 21 800
23 11 404
12 5 237
23 1 91
23 8 722
6 4 518
21 3 429
24 2 358
26 3 282
14 11 542
20 14 489
27 2 705
28 6 325
23 4 383
25 12 645
20 2 769
24 5 158
24 1 387
17 24 505
20 13 717
25 5 287
6 26 886
21 9 685
29 19 684

4 1
4 3
5 1
7 2
8 1
8 3
8 5
9 7
10 8
10 9
11 3
11 6
11 7
12 1
14 3
14 6
14 8
15 12
16 11
16 12
17 16
18 13
19 2
19 6
19 11
19 14
19 16
20 1
21 3
21 4
21 8
21 10
21 15
21 16
22 5
22 6
22 7
24 7
24 8
24 11
24 18
24 22
25 1
25 14
25 17
25 18
25 19

2kdc13
type: I
density: 0.160