25
47
50 50

15 15 2466
18 39 2241
17 24 2188
9 4 559
22 43 1460
13 18 2240
3 1 2279
8 1 386
15 18 2101
45 47 2487
13 11 258
14 17 1331
17 10 2294
19 46 1432
47 5 2238
21 7 780
24 19 654
15 17 2029
3 4 306
36 7 341
8 3 84
23 23 2052
20 3 2355
9 9 451
3 22 1952

2 1
6 1
6 3
8 3
9 1
9 4
12 1
12 4
12 6
12 8
12 10
13 2
14 4
14 6
14 11
16 1
16 10
17 2
17 16
18 5
19 1
19 8
19 16
19 17
20 6
21 4
21 17
21 20
22 5
22 10
22 20
23 1
23 2
23 4
23 5
23 7
23 14
23 18
23 20
24 3
24 15
24 16
24 18
24 21
25 1
25 16
25 24

2kdc48
type: IV
density: 0.160