25
47
30 30

24 20 800
18 16 489
28 9 379
28 24 749
9 25 500
25 17 439
25 24 727
22 25 687
15 17 731
26 27 764
26 24 764
26 26 858
9 26 245
26 5 782
24 8 276
24 25 649
28 15 546
27 21 838
15 28 586
24 1 216
29 24 789
19 28 774
28 29 829
13 9 891
26 6 730

6 1
6 2
7 1
8 6
10 8
10 9
12 1
12 2
12 4
12 10
13 5
13 6
13 10
14 5
14 8
15 4
16 8
16 13
17 2
17 4
17 8
17 12
17 14
18 9
18 14
18 16
19 11
19 14
20 1
20 3
20 4
20 5
20 6
20 8
20 12
20 19
21 16
22 1
22 18
23 1
23 9
23 12
23 15
24 11
25 2
25 8
25 21

2kdc15
type: III
density: 0.160