25
38
40 40

10 16 831
26 8 498
29 20 717
4 10 461
6 35 1188
16 37 873
3 39 1579
15 33 701
34 39 1520
19 35 872
7 34 1258
16 35 954
16 10 939
11 36 1022
16 27 741
13 37 604
7 15 720
15 39 943
15 38 661
6 37 1116
30 34 1488
14 32 1362
31 16 1035
9 35 602
16 15 256

4 2
5 1
9 6
10 5
10 9
11 2
12 4
13 8
14 12
15 9
16 15
17 4
17 12
18 1
18 4
18 7
18 8
18 12
18 13
18 14
19 4
19 10
19 12
19 17
20 11
20 12
20 18
21 10
22 8
23 4
23 5
23 8
23 12
23 21
24 4
24 8
24 18
25 23

2kdc26
type: II
density: 0.130