25
47
40 40

23 36 847
33 14 999
27 17 1220
29 19 778
17 36 1240
1 13 175
6 34 918
31 11 1292
27 16 1164
38 9 380
26 16 1579
33 19 939
5 26 760
35 15 1045
26 19 1210
28 31 1074
36 8 1201
13 15 1255
32 13 903
10 35 1253
14 34 570
39 16 901
37 8 681
12 37 1008
35 5 961

3 1
6 1
8 5
8 7
9 1
10 1
10 9
11 4
11 8
11 9
11 10
12 8
14 4
14 9
15 3
15 4
15 5
16 8
16 9
16 11
17 4
17 12
17 16
18 8
18 12
19 2
19 4
19 10
19 16
19 17
21 2
21 8
21 10
21 19
22 1
22 8
22 10
22 13
22 15
23 1
23 6
23 22
24 4
24 14
24 16
25 8
25 21

2kdc29
type: I
density: 0.160