25
47
60 60

6 7 987
19 4 890
38 30 1383
14 31 1417
32 5 1417
4 31 870
34 20 1521
9 26 1369
9 27 1337
11 28 1142
4 33 317
1 39 204
33 24 1298
9 39 546
13 31 1298
16 39 991
3 35 1007
13 39 729
6 35 1270
2 11 1036
22 33 1073
15 39 1554
4 34 364
2 31 203
28 32 1110

5 1
5 2
5 3
6 4
7 4
10 3
10 5
11 1
11 4
13 4
13 6
13 8
14 10
15 1
15 7
15 9
15 11
15 13
15 14
16 5
16 8
16 13
17 4
17 8
18 4
18 5
18 8
18 11
18 12
18 17
19 2
19 5
19 12
19 16
20 19
21 7
21 11
22 17
22 20
22 21
23 7
23 16
24 22
25 4
25 11
25 14
25 23

2kdc30
type: II
density: 0.160
