25
38
50 50

34 16 1116
39 16 2156
33 23 1866
37 12 1143
45 18 2254
49 36 2380
33 19 2346
45 6 548
35 20 2312
34 21 2053
39 16 948
49 12 1972
39 23 2207
10 22 724
17 17 1953
48 10 1445
43 22 1605
46 5 2044
47 23 2055
47 10 1682
36 18 2025
40 49 2211
43 11 943
36 20 1271
9 38 2104

7 5
9 2
9 3
9 5
9 8
10 8
11 7
12 3
12 10
12 11
13 1
14 5
14 11
15 4
15 11
15 12
16 10
18 3
18 7
19 11
20 19
21 6
21 8
21 11
21 16
21 19
22 2
22 3
22 5
22 19
23 4
23 19
24 4
24 5
24 8
24 9
24 20
25 11

2kdc41
type: I
density: 0.130