25
47
40 40

15 7 1294
5 31 1518
7 28 718
31 31 1592
3 28 216
25 23 1543
26 25 776
24 31 1092
35 21 924
19 31 1261
33 3 1112
39 32 1306
32 1 1529
30 19 1432
21 20 795
2 9 1457
21 38 801
35 37 1401
32 30 1001
34 27 1267
22 29 1127
8 9 738
26 25 1009
29 7 1111
38 23 1012

5 1
6 5
9 1
9 4
9 6
9 7
10 8
10 9
12 2
12 9
13 1
13 4
14 1
14 11
15 11
15 12
16 7
16 8
16 9
16 11
16 12
16 13
18 13
18 14
19 1
19 12
19 15
20 2
20 10
20 11
20 16
21 2
21 9
22 16
22 20
23 2
24 2
24 3
24 7
24 17
24 20
25 8
25 10
25 13
25 14
25 16
25 22

2kdc31
type: III
density: 0.160