25
38
50 50

9 48 2402
19 43 2063
37 10 1973
22 45 1774
43 48 2453
22 36 2335
38 19 1648
11 39 673
19 48 1546
23 45 1601
21 42 2209
22 49 1665
17 39 1665
11 33 624
10 40 2156
21 47 1730
10 35 386
19 42 2104
43 28 1603
2 15 174
8 22 1659
5 15 324
1 12 2084
24 37 1040
48 1 1141

8 1
9 3
9 6
10 5
11 3
12 11
13 11
13 12
14 1
14 3
14 4
15 8
15 12
16 4
16 6
16 8
17 4
17 5
17 15
18 14
19 16
19 17
21 5
21 7
21 17
21 20
23 8
23 9
23 15
23 18
24 6
24 7
24 9
24 16
24 19
24 23
25 8
25 23

2kdc42
type: II
density: 0.130