25
38
50 50

29 40 2248
26 40 2316
35 49 1810
39 33 2371
26 42 1947
46 27 1411
29 37 2119
35 47 1806
39 46 1870
15 45 939
20 10 2262
14 13 2301
30 30 2400
32 47 2079
34 30 1844
27 40 1848
39 33 1456
41 48 2239
6 2 2149
29 34 1433
39 32 1835
21 4 118
30 42 1277
34 25 978
7 14 2306

4 1
6 1
6 5
8 7
9 6
10 3
11 5
11 6
12 8
12 9
13 1
13 4
13 8
14 1
14 13
16 7
16 8
16 10
16 13
17 9
17 14
18 2
18 4
18 14
19 11
21 9
21 16
22 5
22 15
22 16
23 10
23 22
24 8
24 14
24 16
24 18
25 10
25 14

2kdc43
type: III
density: 0.130