25
47
40 40

12 12 1229
6 1 749
11 11 1518
35 19 1565
5 34 1456
26 17 1214
22 25 1350
17 38 1406
18 9 1396
6 10 450
1 15 29
26 39 1069
5 30 1211
25 29 1463
19 11 319
1 18 1021
7 38 731
2 6 1359
17 11 870
16 16 1533
16 18 856
20 28 1094
6 14 1065
9 2 606
13 17 1214

4 3
5 4
6 1
6 4
7 5
7 6
8 1
8 5
8 6
9 8
10 6
11 1
12 1
14 7
15 6
16 5
17 4
18 1
18 2
18 3
18 17
19 2
19 8
19 13
20 1
20 3
20 16
20 17
21 1
21 2
21 12
22 1
22 11
22 14
23 7
23 13
23 16
24 1
24 8
24 10
24 12
24 13
24 21
25 7
25 8
25 12
25 14

2kdc32
type: IV
density: 0.160