25
47
60 60

46 17 1399
45 2 1807
29 34 1673
42 35 1974
1 9 129
25 40 1836
34 43 1607
42 27 2298
2 6 1219
35 27 1419
35 11 1233
41 39 1812
32 25 842
40 30 1270
11 12 1380
34 26 2327
45 35 2056
41 3 1183
13 19 1652
12 2 2395
48 32 2193
37 25 2368
31 27 1447
31 49 2023
35 28 1293

3 1
7 1
8 6
9 1
9 4
9 8
10 4
10 5
10 6
10 9
11 6
12 3
12 10
14 3
14 5
14 9
15 2
15 10
16 7
16 10
17 3
17 10
17 12
18 6
18 12
19 3
19 5
20 12
20 15
20 18
21 14
21 18
21 20
22 2
22 9
22 17
22 18
22 20
23 5
23 14
24 2
24 15
24 23
25 1
25 9
25 21
25 22

2kdc47
type: III
density: 0.160
