25
47
30 30

5 27 891
6 28 664
5 5 597
9 26 887
9 20 880
6 5 378
29 16 811
10 21 370
9 26 588
3 6 149
8 25 635
13 24 825
4 14 359
2 21 808
24 9 497
4 21 644
5 29 430
27 16 469
14 28 669
11 26 759
2 29 560
7 28 343
7 28 318
29 14 686
20 25 654

2 1
3 1
5 2
7 3
7 6
8 3
8 6
8 7
9 1
10 4
11 6
11 10
12 5
14 13
15 3
15 10
16 9
16 12
16 15
17 4
17 14
17 16
18 1
18 9
18 10
18 13
19 2
20 5
20 14
22 12
22 19
23 3
23 5
23 7
23 9
23 12
23 20
23 21
23 22
24 10
24 12
24 19
25 3
25 6
25 10
25 17
25 18

2kdc14
type: II
density: 0.160