25
47
50 50

1 46 519
16 37 1793
44 15 1800
12 34 2325
20 8 2161
1 46 601
33 4 591
8 38 1300
14 37 728
32 39 2309
16 40 2229
10 37 922
6 44 1686
18 37 770
14 46 2456
12 5 2008
14 1 656
35 46 2282
4 48 2328
4 40 1565
3 41 450
27 25 1007
15 38 2370
42 9 462
10 46 2322

2 1
4 2
5 1
5 2
7 2
7 6
8 1
9 7
10 7
11 5
11 9
11 10
12 6
13 4
13 10
16 7
16 11
17 3
17 15
18 5
18 8
18 9
18 15
20 2
20 3
20 6
20 10
20 17
21 3
21 11
21 12
21 18
21 19
23 2
23 3
23 16
24 4
24 5
24 13
24 17
24 18
24 20
25 1
25 2
25 17
25 18
25 21

2kdc46
type: II
density: 0.160